1 0.509368 0.120450 0.971897 0.108137
2 0.511124 0.213597 0.968384 0.073876
3 0.032799 0.284790 0.264630 0.283172 0.261090 0.914239 0.031028 0.914240 0.032799 0.284790
3 0.278787 0.561488 0.507078 0.561489 0.508849 0.909385 0.278787 0.909385 0.278787 0.561488
3 0.829165 0.561488 0.832704 0.907767 0.995516 0.909385 0.995516 0.561488 0.829165 0.561488
3 0.296484 0.266990 0.475224 0.266990 0.450448 0.532363 0.298254 0.533981 0.296484 0.266990
3 0.749527 0.263755 0.749528 0.538835 0.979590 0.537217 0.977821 0.265373 0.749527 0.263755
0 0.484073 0.394822 0.549552 0.354369 0.549552 0.257282 0.655734 0.258900 0.657504 0.351133 0.740679 0.380259 0.745988 0.548544 0.443369 0.548543 0.484073 0.394822
3 0.524776 0.822006 0.524776 0.907767 0.816778 0.911003 0.815007 0.823624 0.524776 0.822006
3 0.611492 0.559870 0.611492 0.635922 0.526546 0.635922 0.528316 0.820389 0.825625 0.822005 0.820316 0.559872 0.611492 0.559870
0 0.527556 0.562622 0.603669 0.563169 0.606011 0.631692 0.529898 0.631692 0.527556 0.562622
